95 42 65 31 48 61 93 37 66 18 68 22 45 98 29 26 85 27 57 3 36 97 68 2 78 55 46 55 15 48 63 40 22 22 98 50 37 10 92 9 65 85 12 39 13 56 16 13 5 95 57 15 35 90 98 48 45 15 96 79 16 37 75 12 53 65 100 32 44 25 88 63 73 96 94 74 70 22 34 87 67 99 49 74 7 60 29 30 31 6 48 5 82 75 66 3 13 100 8 79
89 7 24 27 34 16 3 94 6 80 56 17 55 44 94 57 64 61 20 80 83 11 14 67 30 72 60 39 73 26 26 57 61 14 68 59 38 100 49 100 24 94 81 5 71 91 23 31 51 81 4 57 73 90 47 54 68 83 0 28 76 84 68 17 93 69 35 18 16 65 81 97 51 98 37 92 31 62 83 54 54 58 12 77 75 34 65 57 9 8 91 48 49 61 98 21 63 27 65 76
6 73 31 34 100 71 1 0 71 21 71 52 30 66 38 26 10 42 58 72 77 19 27 5 3 69 14 96 85 32 58 43 18 86 22 56 56 93 73 21 22 26 15 36 43 39 33 33 71 55 26 99 71 83 90 57 34 53 32 90 91 62 34 14 52 93 50 86 4 38 96 24 34 100 24 60 60 52 9 82 95 22 63 92 57 38 37 58 26 32 88 7 27 44 54 75 45 70 67 56
94 20 32 22 5 77 64 14 20 96 84 16 91 37 16 22 79 89 91 98 62 3 66 32 19 34 46 87 91 8 13 93 50 8 6 68 74 90 34 13 17 66 98 65 56 86 71 17 70 45 39 94 17 61 75 87 12 5 57 69 50 11 40 37 5 76 79 41 3 30 29 93 90 22 36 50 70 0 46 60 81 57 90 48 62 1 79 11 6 61 64 74 17 25 83 81 63 59 98 73
58 64 60 10 79 33 70 88 33 58 98 30 87 7 4 34 50 76 44 64 1 64 55 32 80 69 31 65 5 68 50 80 24 38 97 43 19 73 59 80 56 55 50 86 99 94 58 96 2 74 52 64 79 90 75 48 48 59 90 98 27 23 62 4 20 81 73 27 88 90 53 9 96 84 42 83 41 52 92 83 23 85 35 18 60 93 66 10 65 14 53 12 99 66 50 18 86 65 52 88
99 0 62 51 1 42 53 34 55 29 95 85 46 21 43 18 94 28 50 89 38 37 76 11 4 21 8 78 76 30 93 4 72 40 43 100 63 97 54 13 31 23 43 20 58 41 40 24 68 32 7 19 78 81 27 10 18 49 67 25 12 28 1 93 92 96 6 18 94 23 30 67 82 80 60 76 42 9 97 56 0 41 67 36 46 77 58 43 38 2 94 15 68 13 73 42 71 14 33 82
31 32 0 17 18 96 80 14 72 44 93 88 87 14 36 89 15 52 47 97 0 86 70 63 3 88 33 86 43 11 93 33 80 79 19 54 53 11 4 29 75 55 29 67 67 86 40 10 73 40 36 14 19 79 1 78 3 100 16 50 53 18 16 8 69 62 33 15 92 34 88 61 28 28 18 2 97 29 43 6 38 20 61 11 2 54 61 65 64 83 84 45 70 78 78 76 23 32 46 47
22 21 40 40 81 15 12 78 78 75 77 78 60 78 22 94 67 83 39 33 30 86 76 86 45 13 23 45 92 32 36 94 93 55 28 24 64 36 98 4 44 11 33 47 17 3 39 45 44 18 82 46 62 74 90 26 37 45 7 25 89 1 27 73 4 28 81 8 90 65 56 22 5 4 51 2 31 28 70 40 52 26 53 22 30 11 93 37 13 4 64 47 14 28 26 98 9 83 5 13
50 82 69 90 47 14 97 82 83 32 30 21 33 11 75 87 42 54 61 15 42 78 51 38 80 23 27 44 56 4 18 14 92 66 29 67 64 10 80 74 70 48 61 13 93 70 2 22 57 73 15 27 35 52 9 72 32 82 80 43 82 39 98 24 21 86 6 16 15 90 35 38 46 92 62 66 89 1 35 49 38 8 8 20 80 7 8 8 65 70 49 12 5 20 96 5 14 8 98 40
64 71 56 1 51 77 51 74 34 17 55 72 62 67 99 45 14 67 36 63 42 39 79 80 8 34 65 57 39 81 93 4 3 40 21 57 26 80 52 79 37 13 25 100 61 32 87 78 14 16 81 98 33 96 32 10 89 40 68 56 93 0 73 77 44 44 14 23 33 16 67 99 36 85 44 31 65 0 18 75 7 31 63 12 89 48 56 79 81 21 81 98 46 2 11 5 91 46 34 81
65 88 45 36 55 30 5 61 42 25 81 44 44 44 43 87 59 46 93 78 17 0 15 69 42 92 23 96 51 61 6 61 9 20 79 38 57 26 34 71 64 14 53 20 51 2 31 91 93 1 54 36 66 21 29 72 64 34 28 52 62 25 94 47 70 62 19 98 29 42 70 11 40 81 100 57 100 89 94 78 83 12 10 73 0 34 48 41 61 52 60 17 97 87 46 43 25 83 50 17
18 100 100 50 27 98 66 36 7 73 83 39 45 60 95 76 47 12 9 63 100 8 30 41 81 28 54 4 90 83 65 53 84 45 14 18 96 76 70 5 98 80 92 4 1 23 61 28 55 86 29 85 88 34 81 89 44 22 99 45 50 18 40 78 66 2 51 80 63 67 90 35 0 65 31 67 97 79 33 68 18 47 66 86 45 37 69 70 15 23 79 86 2 13 1 10 71 6 5 96
3 74 14 0 50 51 99 99 35 21 28 63 4 38 1 10 39 20 35 84 70 96 53 91 87 97 0 75 86 55 54 62 82 21 85 57 93 50 38 77 18 14 55 7 61 91 24 39 35 85 90 18 71 11 65 13 87 38 54 55 26 97 56 51 53 48 36 94 68 13 48 72 39 33 92 82 72 46 13 13 86 33 93 39 79 46 38 88 62 32 100 83 42 17 10 86 70 66 33 17
45 61 3 53 79 95 45 67 50 4 85 38 38 99 77 77 71 97 30 28 2 99 59 56 11 37 94 55 98 61 46 24 98 87 58 31 54 91 21 21 71 78 79 88 90 43 34 24 20 67 78 67 29 60 94 58 23 11 61 5 72 58 16 3 47 58 97 60 31 2 36 68 26 47 42 32 67 65 69 72 83 93 63 46 39 4 89 22 16 74 59 54 42 96 89 33 51 96 0 22
22 62 34 51 5 4 5 90 3 57 22 20 17 31 24 77 81 53 13 13 90 80 56 44 56 56 59 61 88 67 76 61 34 9 26 72 79 42 90 66 71 95 66 39 58 83 41 12 47 21 34 51 99 82 98 63 29 71 69 18 33 36 59 0 80 47 2 78 51 79 36 18 28 23 37 36 83 33 100 24 18 19 84 68 67 43 35 12 14 63 100 43 89 35 97 66 90 20 83 51
35 19 97 1 76 87 65 15 54 66 28 41 65 79 65 29 8 31 62 20 43 72 20 61 28 87 64 83 74 91 67 81 15 70 80 3 42 27 100 66 52 61 62 87 28 26 97 27 61 13 79 37 81 87 57 52 24 54 8 78 79 13 100 33 47 52 2 69 64 10 59 91 99 74 10 81 43 92 49 2 90 13 100 11 100 86 0 26 31 91 43 59 98 21 96 40 65 31 86 40
77 15 28 25 80 91 11 38 99 50 17 64 44 49 86 95 94 85 75 82 53 98 36 51 90 18 37 5 1 57 27 20 24 0 44 27 81 82 50 45 37 45 20 89 96 49 86 34 5 41 10 90 20 71 62 0 49 76 9 71 17 11 74 51 76 50 86 100 51 30 8 14 85 17 20 32 23 61 6 33 43 97 95 87 46 31 39 27 39 57 16 99 32 55 80 78 71 35 57 69
50 1 82 85 37 98 0 91 26 41 61 43 48 18 60 92 45 99 11 56 26 77 97 59 9 24 49 12 84 19 2 46 78 55 87 9 92 30 100 40 24 18 90 50 86 81 15 62 55 31 84 14 44 64 31 71 17 79 22 84 10 6 19 22 51 6 12 35 73 12 18 88 20 48 95 0 81 9 69 79 24 57 68 71 19 4 29 11 94 82 15 35 29 90 81 45 91 29 57 28
84 69 99 27 82 13 67 17 16 26 60 80 29 9 70 8 86 6 5 86 96 93 61 1 13 100 64 81 77 5 44 69 61 94 85 48 21 64 31 9 69 35 71 23 65 46 90 91 67 65 39 98 47 19 80 35 77 4 73 72 88 85 89 80 93 20 9 82 12 11 3 68 77 37 1 31 37 17 38 49 60 81 60 0 94 82 17 28 73 99 27 31 88 19 93 77 95 51 52 90
50 44 53 57 25 4 7 13 45 100 20 28 8 15 84 36 60 42 10 88 29 100 65 26 94 48 96 92 28 53 56 34 63 79 84 46 21 61 30 32 44 78 36 57 97 87 2 64 43 18 80 72 73 63 45 0 48 91 98 58 49 83 5 80 37 55 70 48 99 44 20 21 68 89 45 44 42 82 57 59 2 54 100 11 30 84 82 20 34 83 40 77 28 14 33 60 9 26 31 91
19 44 62 86 85 95 62 20 21 22 94 84 68 52 91 15 58 76 86 38 28 87 100 1 87 57 80 22 82 58 77 4 67 75 39 5 10 46 2 56 43 38 35 62 83 66 63 78 33 22 46 68 13 29 66 10 33 73 21 65 13 74 64 87 64 4 87 34 60 78 55 7 12 81 37 67 37 45 47 34 84 48 1 32 12 22 52 13 16 27 98 82 59 56 33 51 12 10 98 40
10 77 24 31 83 98 14 72 23 60 21 84 35 27 10 35 50 45 21 53 49 84 36 38 72 74 14 86 10 76 59 5 33 7 95 52 15 10 68 61 56 28 52 19 92 1 30 70 42 75 25 2 6 84 74 29 83 97 56 8 70 89 100 53 86 91 58 14 60 17 68 4 84 37 77 87 7 6 33 56 39 81 12 76 74 68 53 33 79 8 54 67 31 8 87 93 88 25 58 96
37 27 8 63 26 72 66 62 94 6 100 36 61 88 81 5 84 16 8 24 45 9 34 12 0 91 9 25 53 8 26 26 26 42 4 46 20 73 86 17 44 43 37 74 51 76 29 31 69 23 36 0 75 40 50 24 70 34 85 32 18 30 43 80 4 62 8 93 81 82 74 26 27 12 93 62 80 81 71 100 78 99 53 88 10 18 49 71 50 70 91 86 42 76 78 70 22 51 47 53
85 74 16 62 85 35 47 28 52 77 99 4 97 82 60 62 32 88 85 46 88 40 90 41 68 6 79 74 6 13 33 23 93 79 78 12 65 72 70 8 75 91 62 23 3 58 41 88 76 70 70 26 92 8 52 78 52 43 89 88 69 84 36 57 26 97 75 91 36 43 12 5 27 5 13 27 42 66 96 37 42 24 100 88 44 32 24 34 68 34 20 83 71 79 56 58 76 72 7 64
46 55 28 34 13 45 49 8 67 12 48 48 45 27 33 65 79 40 39 84 53 20 64 85 29 35 45 37 86 39 46 53 42 24 33 21 18 76 42 46 41 13 43 57 15 85 9 46 82 65 69 49 66 3 5 33 0 80 91 21 74 35 30 85 42 25 25 8 70 67 72 32 79 66 58 12 98 44 92 42 94 91 12 38 52 74 44 68 6 20 45 74 81 78 73 19 51 3 57 99
23 1 31 23 7 10 68 92 43 4 89 59 37 44 55 41 76 72 42 14 86 28 95 88 95 75 85 8 68 87 1 46 13 17 80 69 15 50 56 57 80 25 71 78 9 8 6 75 12 51 3 83 31 80 53 11 27 31 30 65 2 15 50 81 54 88 95 77 38 96 52 84 22 5 67 80 49 30 67 55 53 5 31 33 81 40 63 7 1 73 12 0 23 1 14 3 48 85 16 75
92 87 98 45 74 22 4 91 61 63 71 35 87 90 17 16 5 77 57 71 32 69 36 93 62 71 54 37 68 89 31 37 91 81 95 21 93 55 68 91 43 32 60 22 18 19 7 74 73 38 26 7 74 67 75 9 46 84 41 86 49 57 82 79 51 0 38 100 13 70 56 99 22 18 13 16 16 48 97 30 86 27 89 39 4 11 50 25 79 26 22 27 98 8 18 76 24 85 21 37
58 32 98 79 47 91 22 37 26 85 97 31 17 84 57 92 12 79 24 38 5 3 5 23 43 74 78 73 86 45 59 10 51 23 47 54 49 7 37 84 32 56 32 53 13 52 83 64 60 93 18 46 20 58 34 7 34 0 32 19 65 48 58 62 32 81 77 62 22 21 45 51 14 18 59 25 52 14 96 62 53 68 57 4 80 19 5 83 36 23 29 18 52 13 78 0 75 67 62 22
74 21 30 95 3 33 15 70 59 49 40 47 97 99 10 55 53 22 71 2 82 19 88 19 20 86 96 57 66 45 76 73 90 68 18 62 90 70 9 19 40 61 83 59 30 74 79 10 48 38 10 96 27 30 70 86 12 58 23 94 88 30 62 53 14 84 11 83 33 85 77 17 60 76 83 55 82 4 21 45 47 54 41 25 39 25 1 17 27 49 78 99 54 8 45 66 45 45 10 34
52 19 47 9 58 5 71 72 66 59 13 51 13 39 71 33 9 11 60 18 38 15 77 78 55 35 22 70 57 52 59 69 80 94 100 89 16 36 6 28 38 67 90 66 63 100 57 31 66 30 16 77 100 6 87 65 63 38 86 32 62 74 73 4 1 62 59 96 73 37 30 49 34 56 17 17 26 20 67 41 64 35 30 60 18 3 78 79 59 34 87 95 79 18 62 19 44 27 69 91
39 68 14 93 80 2 55 3 94 16 69 7 66 72 82 8 73 65 72 61 70 73 86 8 74 66 19 11 26 3 70 27 74 5 51 54 54 59 68 67 44 2 61 99 55 48 94 61 59 5 68 42 20 66 81 41 100 56 89 75 57 38 45 100 21 34 91 74 19 49 100 87 34 4 78 33 78 39 36 30 88 44 36 60 51 8 43 0 77 50 96 46 51 18 94 100 25 37 22 71
94 17 21 26 52 10 95 53 50 18 38 83 27 8 93 14 57 33 8 96 59 35 73 58 42 51 5 37 96 34 33 21 16 20 34 1 72 12 11 15 48 89 4 56 88 57 80 90 94 73 100 90 12 38 34 54 12 17 96 92 12 15 69 69 14 9 1 12 23 30 3 41 47 34 70 46 85 26 66 89 33 87 63 87 54 6 59 54 61 92 27 22 69 96 43 82 90 86 81 35
5 48 88 68 34 74 57 96 48 13 14 8 47 12 34 20 7 93 16 68 2 14 72 100 57 11 33 79 85 98 56 8 31 94 61 90 67 74 50 18 17 42 69 69 76 39 85 45 83 87 32 79 76 72 10 63 100 16 91 59 59 32 19 51 38 64 33 23 0 98 16 71 65 52 24 26 98 23 68 32 81 7 54 39 3 96 60 13 65 26 76 87 15 6 66 57 61 35 88 9
77 70 9 76 0 94 92 13 84 52 78 93 71 72 100 42 29 36 5 17 1 85 91 0 66 29 47 17 9 5 33 57 92 42 76 85 22 78 58 65 32 28 21 85 35 95 61 36 20 67 87 48 62 30 74 21 88 88 61 17 80 100 33 90 85 47 2 67 58 74 51 22 74 6 8 99 56 7 48 10 70 80 80 69 28 62 22 21 71 37 91 27 49 71 40 94 76 15 23 96
79 58 76 71 88 40 37 46 97 60 13 89 28 45 6 84 48 43 10 83 27 44 43 74 26 83 97 99 78 29 84 6 19 24 44 87 18 97 46 98 0 83 83 82 58 12 2 13 87 50 61 70 63 9 86 3 58 93 71 33 62 10 96 76 31 60 54 31 13 60 94 21 45 31 31 7 92 87 33 10 18 8 31 6 60 21 57 27 97 14 90 93 65 51 30 23 49 85 87 68
83 12 65 3 77 21 97 73 67 41 13 99 45 3 46 77 84 23 92 20 3 94 11 36 45 50 70 67 31 79 54 57 49 8 57 82 11 96 65 30 82 0 70 30 85 93 98 86 100 64 36 14 27 19 89 62 59 7 67 64 95 85 96 11 26 82 44 3 14 54 61 74 68 80 66 3 22 38 23 58 89 86 5 100 48 97 99 83 87 14 60 45 72 43 48 58 35 61 92 98
16 92 24 95 65 10 67 5 18 93 0 10 82 50 48 32 53 30 88 70 39 13 23 44 97 5 28 49 28 7 11 30 78 5 13 44 33 92 29 79 48 55 83 60 9 9 29 83 61 45 17 98 73 20 3 98 2 18 19 98 94 73 11 79 60 84 23 76 91 4 61 10 38 54 13 31 88 33 92 57 9 89 58 24 23 94 99 50 43 15 92 6 1 27 61 89 74 51 34 32
25 81 30 32 65 74 94 3 2 20 21 52 79 27 73 72 27 62 12 80 80 27 86 48 36 67 15 78 54 30 89 52 5 9 22 56 89 44 46 97 55 29 11 13 24 12 38 52 12 4 63 95 69 37 72 56 78 29 32 64 54 5 85 10 51 61 9 19 55 51 15 90 30 46 10 81 96 96 61 86 97 100 67 31 71 35 23 20 64 54 21 87 3 17 64 46 2 27 31 91
94 93 7 95 65 93 20 93 88 66 66 92 90 60 93 92 85 72 84 94 50 62 86 54 11 58 76 3 66 32 99 93 99 31 4 72 13 79 53 98 64 84 5 61 28 37 66 71 55 68 90 16 13 58 6 66 75 26 18 36 57 56 48 10 74 94 83 93 62 87 28 7 55 54 1 50 68 87 83 95 21 76 9 33 12 11 54 28 94 72 0 100 81 92 37 13 91 10 86 36
11 1 26 97 48 10 12 19 85 20 70 58 87 57 66 6 57 21 46 51 62 76 0 86 94 28 6 77 66 53 57 8 94 15 100 72 90 52 59 85 74 2 30 88 40 100 7 51 43 62 38 0 80 97 69 24 4 49 93 90 7 21 85 99 23 13 88 28 2 93 86 41 21 1 24 0 54 21 86 95 51 18 53 42 3 33 74 64 27 13 100 82 12 83 62 26 95 20 84 75
72 7 30 85 6 3 71 40 55 84 48 21 15 51 60 12 0 13 91 41 59 46 92 74 59 76 80 2 70 41 37 96 84 81 37 91 92 44 55 22 21 84 57 37 33 69 32 78 76 82 85 66 49 46 45 17 42 74 82 42 51 96 68 86 33 84 4 57 80 64 40 8 78 42 29 33 56 56 68 83 65 34 73 62 77 22 48 67 7 84 12 55 98 18 98 37 41 48 80 75
96 71 99 85 14 62 5 60 78 28 48 31 64 92 31 72 97 8 9 89 70 92 16 34 60 81 17 57 93 42 89 30 35 2 45 40 19 98 26 21 94 63 68 85 95 32 11 58 72 37 93 21 38 83 43 97 96 35 20 32 60 47 85 46 44 84 88 44 2 99 96 91 86 22 49 57 68 13 96 65 23 79 33 41 1 22 33 73 22 71 31 97 7 1 63 55 78 35 17 35
16 37 91 62 57 54 42 15 55 65 21 42 8 2 59 42 90 23 22 49 7 13 37 85 68 95 27 92 17 68 3 65 31 17 4 9 32 21 46 80 6 47 98 44 48 17 56 41 97 6 58 70 93 71 59 100 58 83 35 98 31 60 68 93 83 52 91 82 18 67 6 38 99 1 56 29 4 84 94 73 32 44 3 12 63 54 66 100 38 86 61 75 27 26 90 41 53 93 29 41
5 1 71 9 3 78 36 51 1 54 91 59 50 70 69 65 90 59 91 91 1 24 75 87 20 69 14 92 4 8 80 30 1 57 83 37 28 83 66 49 63 7 56 52 1 46 97 97 75 0 100 24 55 36 49 89 7 99 54 93 14 3 64 11 14 99 26 91 94 56 22 23 24 60 2 56 43 23 48 78 61 1 31 88 81 37 58 1 22 21 74 10 20 29 77 19 80 44 73 69
59 42 96 21 11 78 73 54 34 22 36 5 32 62 45 19 75 32 34 51 47 86 91 35 0 32 82 59 52 44 13 25 94 89 46 4 81 96 89 25 39 52 12 85 45 69 29 39 7 51 45 85 18 44 60 100 84 10 98 22 80 10 79 26 26 97 57 33 14 74 93 17 65 44 67 68 74 80 47 48 66 97 3 53 40 44 43 53 87 30 43 90 29 1 59 98 57 38 58 34
100 60 6 49 36 61 78 44 85 53 86 85 13 42 71 41 25 18 25 76 72 36 39 96 24 53 2 9 69 51 31 11 59 73 79 8 4 37 76 53 83 76 88 63 34 2 38 89 69 69 28 5 19 75 57 11 44 82 50 82 85 12 13 85 72 82 56 1 55 96 76 70 45 20 17 52 85 76 27 28 2 97 8 25 91 89 69 37 4 86 75 75 57 98 7 2 8 55 35 26
27 51 71 50 23 67 33 26 17 71 15 35 95 79 11 18 97 6 27 32 37 33 62 51 0 42 33 63 70 77 29 17 8 7 36 99 21 89 50 31 47 72 49 20 49 37 88 67 0 95 49 80 30 5 81 80 32 30 18 11 27 73 1 76 48 16 48 83 63 100 13 34 9 64 21 42 18 8 64 38 81 16 43 71 76 46 87 33 61 40 56 20 19 35 93 36 92 83 29 93
74 66 2 99 1 50 76 43 32 27 25 78 50 40 69 34 74 15 21 98 75 36 90 38 79 63 94 11 68 31 30 81 62 36 17 12 25 65 29 3 98 25 16 88 30 23 9 62 3 65 81 18 58 84 24 35 60 7 76 64 9 11 84 24 57 30 95 67 96 20 88 30 85 84 8 21 8 44 47 93 40 86 40 93 67 78 66 1 71 82 92 62 6 9 40 35 94 1 77 94
55 73 27 48 48 86 25 58 72 7 75 53 13 7 34 28 72 44 95 85 74 8 76 40 17 18 42 51 0 93 57 53 26 39 65 7 96 12 33 43 56 68 60 60 68 41 60 56 62 5 12 85 30 50 76 11 46 12 9 94 25 62 41 68 5 12 26 2 82 5 53 10 17 30 2 94 86 91 75 72 84 18 79 91 37 33 45 57 6 40 64 55 16 73 77 73 43 40 73 3
53 98 72 47 76 89 35 78 72 67 18 29 80 39 74 15 5 4 81 3 77 64 7 89 39 32 58 76 82 49 23 62 63 11 46 0 12 48 86 7 38 77 60 8 27 36 38 2 56 38 14 87 64 23 58 33 47 96 2 94 59 45 57 1 79 65 39 21 15 71 94 95 92 36 56 14 93 41 68 20 42 23 48 99 52 88 98 94 38 32 26 25 13 59 79 91 21 51 66 5
27 31 73 0 74 35 14 50 74 16 78 99 55 55 94 38 55 59 60 46 47 59 21 25 94 42 47 37 60 33 77 29 66 33 67 54 45 62 78 99 32 63 58 73 96 79 85 56 97 85 66 45 47 63 54 16 32 42 38 60 97 42 63 97 72 3 65 83 26 96 33 37 82 14 31 9 57 40 87 4 96 48 93 13 68 63 45 71 0 76 64 55 93 42 75 49 42 65 82 68
40 12 67 79 43 69 66 65 76 58 68 65 90 7 77 14 90 68 23 22 39 71 89 66 57 54 98 57 89 67 34 64 20 76 36 100 91 86 79 91 80 72 92 76 84 45 87 36 62 60 60 57 39 53 81 6 21 12 53 29 39 46 63 82 61 95 12 20 2 63 50 53 22 52 19 41 94 100 64 82 11 85 13 22 3 60 78 35 12 23 13 47 97 28 37 37 64 84 30 59
27 0 21 54 78 100 71 77 52 97 69 47 75 68 21 7 77 9 29 11 20 24 64 16 0 56 6 43 56 64 44 69 23 67 44 44 86 50 22 17 71 100 21 97 33 56 44 92 19 14 68 21 73 74 27 65 16 77 14 54 72 33 84 17 98 25 50 46 1 60 36 13 7 67 75 79 8 56 32 83 56 17 99 58 86 60 4 29 17 48 66 27 89 8 11 2 40 49 6 27
56 98 35 45 59 38 89 67 86 56 70 45 32 59 49 82 56 10 9 25 24 48 92 57 25 74 70 38 86 75 48 4 36 28 31 84 44 40 72 23 33 84 64 97 50 3 11 78 86 99 10 97 88 15 95 6 50 89 6 32 50 59 100 76 12 84 18 20 19 88 61 91 34 37 21 2 10 65 23 84 92 91 66 79 52 0 18 21 30 73 57 40 67 97 0 27 47 86 70 11
86 98 78 3 69 91 29 38 52 19 58 4 91 4 36 43 18 27 17 5 62 3 87 57 55 100 83 70 39 81 49 81 99 76 84 12 98 52 19 29 59 49 78 21 76 28 78 97 22 3 69 56 71 69 55 20 89 47 9 15 94 74 89 64 95 80 45 77 84 83 6 53 26 30 49 70 31 79 80 12 84 99 55 72 1 12 66 62 84 54 38 14 83 44 57 49 80 20 50 50
100 1 70 81 43 11 7 41 31 55 70 96 13 8 100 49 96 88 4 92 52 45 29 84 8 77 67 16 66 82 61 26 93 95 1 11 59 92 35 85 20 53 18 33 18 93 37 14 88 15 54 37 92 28 56 68 9 35 95 23 2 82 91 41 13 24 83 97 29 69 91 84 94 5 47 26 70 85 69 71 45 91 97 40 50 98 49 18 92 12 68 40 23 60 5 36 82 76 14 24
89 82 100 54 19 8 60 0 65 98 5 52 91 30 6 77 39 54 15 41 94 93 55 99 87 6 3 83 41 89 60 24 83 62 95 41 52 25 78 45 71 47 24 70 67 74 15 5 66 30 99 74 65 21 20 52 71 45 14 1 83 83 44 54 88 98 91 30 66 16 59 70 46 17 60 76 52 17 93 29 1 43 80 76 81 11 31 24 13 60 39 84 44 80 28 60 45 84 21 49
43 6 51 72 37 36 77 38 58 20 38 47 69 78 48 37 19 97 9 61 51 59 70 48 91 23 54 35 1 60 12 88 42 32 59 73 16 29 23 62 24 84 81 100 54 22 63 92 58 19 56 45 41 87 32 19 16 96 19 9 99 82 23 75 81 98 0 67 5 4 80 76 5 84 36 73 28 55 94 49 71 31 8 99 85 12 47 90 41 62 27 67 9 19 25 35 65 90 47 86
53 6 18 26 72 57 38 87 68 2 27 7 83 4 53 93 14 0 71 5 16 2 27 5 66 79 91 79 14 44 8 23 76 77 44 78 32 39 70 3 68 42 52 60 19 6 23 55 98 13 3 18 41 43 55 95 51 84 96 20 0 43 74 27 1 61 55 97 17 52 58 58 92 39 9 29 96 77 3 3 11 93 1 89 7 22 0 61 35 93 76 42 84 53 44 88 75 57 43 12
64 61 90 46 16 95 2 26 3 80 20 17 76 50 6 88 69 80 80 13 60 88 47 78 92 49 79 91 96 31 41 50 89 78 39 37 5 8 86 60 41 55 40 73 21 43 57 31 13 69 50 86 34 32 21 78 81 83 25 19 25 5 53 30 66 39 44 60 89 67 9 28 57 56 44 48 4 92 35 53 75 41 63 17 61 52 62 30 40 12 62 12 59 6 59 25 4 68 92 34
86 65 73 97 59 5 92 43 81 78 42 42 80 96 38 68 61 8 81 12 62 33 77 75 69 10 70 31 35 6 23 55 99 6 29 96 66 69 3 74 100 99 95 22 10 48 93 62 6 9 44 39 11 3 51 73 60 23 96 8 18 62 34 81 28 30 56 58 12 89 62 50 87 21 50 52 26 24 64 60 41 4 38 82 36 69 100 96 87 12 52 23 91 17 67 31 63 11 33 97
79 6 1 23 53 36 15 8 29 79 14 75 44 59 34 63 24 26 43 23 42 70 46 79 69 55 24 90 10 99 94 94 38 17 72 24 59 94 12 62 19 5 13 86 16 0 70 93 7 47 21 70 36 63 76 92 85 73 38 78 38 38 73 54 60 97 32 4 5 14 66 29 5 37 76 99 27 90 51 72 21 42 24 56 53 36 25 42 3 76 20 38 99 60 19 7 28 59 89 3
99 54 5 70 12 5 26 14 38 28 55 18 51 51 80 54 21 66 68 1 81 40 46 75 16 77 34 17 33 66 10 15 83 0 93 25 99 7 40 3 37 32 51 47 97 72 30 47 54 86 60 84 42 14 43 7 84 42 45 43 100 40 7 20 8 90 57 0 83 21 62 51 52 49 72 18 18 50 6 72 21 37 62 18 80 40 76 81 24 99 21 36 37 59 81 46 79 71 68 99
82 88 45 18 35 6 2 6 62 69 68 70 49 17 10 58 85 47 46 54 53 68 75 98 28 91 2 43 59 54 21 48 94 19 30 42 37 83 72 34 2 75 66 65 19 17 6 89 70 5 22 29 70 53 19 7 77 31 87 60 39 19 33 19 52 67 46 88 39 38 34 67 82 26 53 60 94 36 8 36 47 12 22 27 45 95 54 8 86 43 25 34 23 35 70 17 17 82 26 62
25 21 13 54 21 99 54 100 85 98 22 74 59 81 50 29 69 88 92 18 47 39 94 10 5 85 98 81 96 99 48 80 1 46 36 98 71 100 21 46 97 74 0 85 2 73 35 35 4 48 71 92 49 59 41 44 82 100 62 63 78 95 2 71 6 65 11 86 71 65 75 6 68 24 85 27 54 4 78 5 47 69 56 67 4 16 85 43 3 20 81 97 88 42 77 28 29 12 9 26
61 88 56 69 62 97 65 48 92 76 54 14 71 47 98 5 86 53 82 36 79 22 23 60 72 43 96 99 67 52 78 40 28 25 66 94 13 0 37 64 18 31 47 19 38 65 11 41 89 40 16 90 46 3 6 47 57 88 2 99 91 25 94 64 51 70 54 15 44 23 80 14 78 24 77 69 44 32 65 59 92 67 89 5 15 18 68 95 15 7 10 56 84 25 25 82 81 78 28 13
41 72 38 52 21 76 6 44 58 15 89 11 84 76 44 63 78 5 27 19 12 93 93 100 94 12 56 62 0 59 24 13 28 87 60 21 41 46 47 16 19 22 99 42 84 88 24 55 77 6 31 45 83 34 47 64 11 29 65 81 23 41 88 79 65 32 20 43 47 98 58 85 82 90 14 78 33 55 72 95 48 61 19 6 39 6 16 44 39 52 63 8 55 91 46 47 48 28 68 75
21 71 84 7 73 87 37 19 15 19 4 82 70 29 51 62 49 86 67 83 64 12 46 36 27 99 88 48 37 63 39 47 29 37 36 1 54 70 83 85 16 53 79 52 27 26 67 13 38 72 81 99 64 54 21 29 14 17 35 56 67 17 65 30 40 48 81 50 24 31 15 98 42 53 53 80 59 79 91 47 70 76 9 72 41 62 17 29 39 18 15 58 50 36 70 90 72 54 46 17
41 44 15 10 21 4 45 38 48 58 59 27 30 74 29 96 20 79 16 6 0 84 45 99 41 85 36 15 46 93 67 37 57 70 49 32 59 11 44 46 77 35 27 65 81 71 86 4 56 79 81 56 86 31 20 92 66 100 65 74 36 50 65 69 56 67 29 96 52 50 100 96 86 66 29 30 1 47 0 57 49 80 18 60 58 80 1 82 97 83 59 86 85 76 14 94 36 34 96 0
78 32 82 50 47 52 58 39 11 75 43 29 56 42 74 53 14 33 25 71 79 56 24 32 97 27 65 55 20 95 33 92 62 94 72 34 85 30 78 88 15 40 6 77 93 30 48 38 25 57 14 30 37 23 94 59 17 55 67 46 55 94 49 30 37 47 15 27 0 55 28 52 52 8 58 0 88 84 21 6 25 14 72 16 25 59 47 86 41 74 45 11 4 32 40 53 41 44 84 88
80 77 20 32 11 34 44 2 68 32 99 87 4 76 77 95 38 69 31 80 12 53 26 41 40 26 95 89 63 30 45 6 36 49 35 44 19 42 100 45 38 34 33 48 8 89 66 23 73 10 100 1 32 27 42 46 33 1 62 46 35 83 46 75 97 80 98 58 29 42 26 46 90 81 55 22 43 83 76 17 34 1 36 80 80 22 87 96 13 35 65 64 6 25 28 66 95 68 56 90
77 10 2 79 33 65 40 57 48 92 5 40 14 80 2 32 99 64 76 58 27 86 81 50 94 40 17 74 56 82 31 46 39 96 86 13 72 54 80 66 58 70 15 83 1 78 32 78 57 76 64 68 62 70 60 58 29 90 13 94 54 29 50 79 4 13 8 37 97 82 41 12 36 71 95 86 72 79 1 61 7 6 43 18 10 22 32 73 22 9 73 46 46 74 16 19 74 66 20 36
44 7 10 64 25 8 100 75 40 45 36 59 64 21 14 95 53 3 15 61 41 98 44 91 81 78 0 9 40 54 59 22 81 86 55 75 52 92 60 28 25 84 98 19 81 64 89 33 11 35 43 57 57 12 80 18 81 68 81 54 56 42 84 51 49 99 39 6 24 81 69 39 67 26 70 13 49 96 24 9 7 83 18 99 33 46 19 36 86 44 50 86 24 62 90 24 11 78 63 56
16 39 96 67 7 82 83 46 81 62 45 41 42 63 96 27 83 80 37 62 89 36 47 66 8 65 71 17 81 10 89 65 63 6 3 75 60 6 48 82 38 62 55 15 24 43 73 11 89 89 74 52 57 63 43 81 100 41 59 63 30 35 61 34 66 5 94 22 29 34 73 61 80 68 40 79 40 91 89 85 54 67 8 24 75 7 30 34 93 96 64 70 15 91 19 27 72 55 61 31
84 75 42 30 6 4 23 8 64 8 16 91 11 42 32 28 96 16 100 29 26 55 15 7 30 43 13 86 57 51 45 73 82 12 48 96 77 12 90 1 80 1 100 85 58 97 79 53 75 44 64 17 60 37 25 69 76 65 50 40 38 63 33 35 35 31 91 43 87 17 56 13 53 51 57 94 5 46 79 43 20 2 39 44 34 80 12 33 30 10 94 81 51 43 14 68 60 3 57 87
95 0 87 23 23 23 74 23 5 42 96 56 6 16 13 53 16 66 22 48 76 8 40 85 5 54 74 71 38 1 96 63 11 56 74 61 62 61 73 78 95 53 37 27 12 4 70 67 29 67 100 85 22 39 66 55 25 73 48 0 47 77 32 7 35 1 42 81 2 33 28 93 68 26 80 25 61 88 80 12 77 26 0 68 79 49 75 12 68 59 14 20 30 100 9 91 15 53 33 0
73 6 94 44 81 92 83 38 85 64 12 99 82 60 23 67 100 15 50 9 77 74 74 72 16 2 62 23 0 31 54 56 4 41 36 12 85 19 81 5 82 51 89 16 45 19 66 33 17 2 82 1 19 16 21 67 76 8 76 53 92 0 73 51 44 99 88 32 96 99 77 63 79 32 14 26 100 55 19 76 86 79 65 64 27 90 41 85 18 19 30 36 72 11 91 30 78 81 88 49
23 68 73 15 74 17 79 19 76 60 50 53 81 1 70 9 0 37 9 27 65 40 27 11 87 3 53 57 79 25 62 29 58 7 63 78 97 87 49 17 42 97 69 96 100 19 45 14 23 10 91 81 10 84 73 13 46 58 55 25 27 73 46 73 46 29 72 44 54 72 14 62 0 72 75 34 62 87 34 93 55 14 92 24 13 43 23 2 64 66 60 13 29 13 39 27 20 27 36 29
8 19 36 24 27 32 64 96 28 13 96 86 11 81 71 51 34 67 24 7 13 62 35 78 46 76 7 49 87 85 98 82 44 71 44 82 74 12 40 49 46 68 8 92 21 69 10 86 43 82 63 83 67 6 22 44 79 26 76 96 44 50 74 55 92 43 74 20 88 9 59 41 45 11 47 41 87 52 14 85 100 41 21 44 100 91 10 65 54 16 83 39 87 64 34 49 6 21 22 42
47 91 82 49 82 4 52 42 30 86 1 86 79 24 91 27 88 88 73 38 61 28 58 58 10 18 82 89 23 54 12 73 13 19 93 26 52 68 13 27 69 38 78 25 29 25 73 14 11 2 44 76 68 88 92 64 13 58 79 8 1 39 50 87 83 82 48 39 49 41 1 84 13 12 12 9 20 51 87 46 77 37 5 90 27 42 24 32 40 90 32 95 83 70 15 68 8 87 75 87
14 100 31 27 34 28 31 56 31 82 40 16 41 34 22 6 26 35 0 9 69 12 11 83 46 12 88 98 100 10 36 71 72 62 75 82 4 19 68 60 36 12 11 50 62 58 1 1 68 62 79 46 17 64 18 90 41 59 55 28 49 49 8 97 78 43 32 55 27 26 36 20 80 98 45 27 42 54 21 74 31 42 37 12 22 68 33 87 27 94 40 48 6 12 17 59 91 24 5 44
54 12 94 25 82 53 69 92 65 90 5 3 69 34 73 79 65 3 6 71 56 43 80 43 17 95 84 12 85 50 19 93 40 59 12 92 93 24 6 88 46 44 72 35 63 93 0 43 29 17 3 19 97 16 26 58 41 35 74 92 66 39 96 47 25 53 80 71 65 46 16 51 57 81 5 53 31 82 67 4 46 18 17 30 66 61 73 38 16 75 52 91 70 31 82 89 95 19 14 76
24 25 19 96 25 28 28 27 75 17 3 63 44 9 90 15 70 71 37 81 97 47 97 64 34 77 43 85 11 85 89 81 98 48 42 59 80 19 26 16 11 33 36 62 42 68 38 38 51 36 71 17 29 33 34 43 28 25 49 40 60 8 90 2 22 42 47 32 29 50 34 67 63 93 15 14 85 94 19 69 79 100 62 30 43 90 78 92 98 82 3 11 38 71 57 82 28 13 32 29
97 58 9 66 35 64 60 53 32 28 69 87 51 55 18 60 76 93 37 87 10 62 74 6 28 95 31 49 69 55 65 58 23 10 54 70 59 26 88 37 83 70 58 9 28 37 71 63 78 0 67 48 87 35 63 33 50 80 75 41 39 72 87 34 87 17 42 58 73 15 62 19 82 15 40 41 16 72 14 21 61 42 61 12 46 45 5 22 10 47 41 44 20 25 63 50 77 56 90 92
8 23 52 29 26 1 12 9 88 18 80 34 37 71 17 5 42 65 51 58 7 96 5 34 8 100 100 59 9 37 56 71 74 70 85 47 68 86 18 14 95 2 4 84 50 68 75 25 80 100 61 46 83 29 30 100 59 36 87 64 97 10 56 23 14 55 86 76 33 46 98 64 35 0 78 94 37 87 54 29 67 65 25 90 10 33 99 8 98 77 5 27 45 64 4 89 28 69 17 22
54 36 33 34 40 65 100 52 41 67 92 100 46 66 29 63 86 69 75 17 31 45 81 64 56 64 17 27 64 67 77 72 68 39 97 52 61 7 16 2 41 47 26 50 73 99 5 31 18 45 61 71 14 100 58 50 81 43 13 2 68 76 88 70 0 28 99 10 21 36 20 81 28 52 60 28 5 9 88 36 9 41 34 18 73 98 23 85 35 43 94 93 98 35 38 95 3 3 14 5
63 4 29 79 55 79 66 83 89 81 66 22 64 72 5 38 14 97 55 18 25 69 3 99 75 50 85 88 44 33 93 36 2 28 84 48 34 74 50 1 81 86 3 81 97 63 24 41 88 22 86 13 1 89 14 27 93 31 87 35 88 69 40 24 16 59 83 9 43 9 34 72 12 45 4 77 2 94 77 48 64 12 54 67 40 6 1 74 44 8 50 64 11 38 52 48 74 19 41 36
78 79 79 45 98 43 4 23 15 36 30 32 30 62 25 32 27 69 98 64 3 61 0 89 9 8 31 100 75 52 95 35 81 64 53 4 21 89 62 65 49 54 77 9 73 95 86 62 14 100 66 2 48 34 10 14 65 90 29 83 14 19 49 93 72 96 66 89 55 30 60 85 8 43 16 30 58 75 17 25 7 0 37 88 25 17 6 80 24 0 26 12 9 54 15 42 82 27 71 19
45 21 80 41 54 33 51 72 92 69 99 68 35 71 51 78 6 45 17 73 2 25 100 62 72 88 59 99 15 22 77 66 11 99 37 65 36 65 53 40 61 93 31 47 19 60 17 25 56 78 27 86 21 35 36 47 77 36 84 84 52 51 34 31 0 21 55 5 62 50 69 86 0 40 79 42 78 32 1 61 66 39 48 88 83 56 69 82 2 16 80 3 100 92 63 29 18 23 17 83
61 33 36 71 33 58 19 41 33 19 5 97 55 77 93 78 13 72 20 73 63 56 57 54 46 43 18 28 53 52 36 22 11 25 66 12 30 83 56 55 32 80 41 0 66 97 76 91 29 86 90 99 19 57 99 54 93 2 24 86 90 67 74 81 70 76 29 39 55 87 59 12 54 18 97 60 16 96 97 96 79 45 1 86 52 19 66 38 71 77 61 6 38 26 6 86 84 43 18 99
6 91 72 67 5 85 15 60 8 27 20 39 90 0 36 99 100 22 24 97 31 90 18 61 28 95 25 38 5 29 15 28 38 41 30 88 100 27 45 58 57 1 76 54 22 84 86 16 37 37 94 61 27 53 35 39 99 27 51 33 75 43 74 68 47 25 43 31 76 58 85 85 27 15 98 86 51 74 47 27 79 34 35 37 31 60 90 31 32 75 92 44 55 29 33 84 54 60 77 89
51 38 59 28 52 62 98 5 22 69 0 78 12 20 88 94 65 81 63 73 79 84 89 31 15 56 5 21 16 88 15 55 33 69 94 12 26 27 80 86 22 73 39 80 83 50 98 1 8 55 33 96 42 14 2 70 78 63 78 90 19 26 54 0 47 94 74 81 28 48 11 3 28 45 77 99 49 33 12 57 30 43 96 33 28 55 89 94 27 8 95 98 16 66 77 40 11 10 74 44
56 95 58 56 36 4 83 93 42 34 80 7 54 88 20 75 39 34 19 18 35 94 17 69 18 55 6 42 22 51 82 25 3 31 53 0 85 11 27 11 16 9 65 67 45 82 94 61 25 15 10 36 43 43 36 28 9 96 12 82 67 78 30 84 94 41 53 51 1 5 71 17 65 1 57 40 81 93 13 69 16 76 40 14 86 30 72 86 34 43 45 89 37 8 16 87 4 93 69 91
36 96 10 56 36 73 8 52 64 49 32 39 91 70 67 63 67 79 76 9 55 4 24 52 56 35 78 6 29 42 98 83 4 30 8 11 84 55 97 86 20 58 64 79 16 8 14 7 3 82 78 50 74 85 51 13 0 100 5 55 85 93 39 31 13 47 33 0 53 5 37 88 50 1 26 90 80 49 9 60 40 29 87 98 78 85 18 51 86 12 64 72 70 22 85 54 68 50 7 79
61 31 98 10 63 54 98 52 21 32 67 82 30 99 88 26 22 46 13 29 68 87 57 74 87 32 89 20 10 91 62 7 10 15 33 100 96 27 88 6 97 40 55 51 9 25 18 96 54 81 84 97 7 46 73 20 77 72 70 94 61 29 58 73 86 49 78 43 82 21 10 88 94 72 20 0 33 89 20 12 76 0 15 10 26 8 24 0 53 68 82 95 91 40 90 36 39 56 40 54
71 26 17 69 47 17 56 99 95 81 94 49 88 88 76 17 40 22 31 53 9 76 75 5 65 81 94 54 94 18 36 32 44 23 98 8 99 82 74 91 54 46 25 22 39 76 58 67 84 62 48 79 4 93 71 80 4 63 46 100 38 55 73 33 64 80 35 16 71 43 81 55 28 74 27 50 49 92 64 28 21 100 36 62 81 17 27 28 22 57 82 35 79 38 44 33 35 35 87 20
96 46 61 61 44 71 36 86 54 21 39 91 91 15 99 3 55 78 93 76 73 54 11 38 93 55 87 72 90 11 45 41 28 88 39 37 88 74 12 53 68 74 75 60 81 2 13 31 2 88 7 19 28 50 25 31 77 14 58 84 19 9 31 22 78 32 21 24 36 57 98 72 31 83 48 67 70 59 56 35 61 17 66 51 35 11 25 98 57 50 10 74 17 81 65 78 36 2 90 17
4 46 77 47 41 31 62 64 39 89 88 69 39 13 88 16 18 14 100 26 100 28 22 63 10 80 50 59 71 35 5 72 74 49 3 84 62 15 67 30 33 0 6 73 32 50 20 71 42 79 32 46 81 25 61 68 95 31 55 76 70 57 49 43 63 57 63 83 38 14 53 93 81 65 69 41 11 53 50 32 20 96 60 18 32 78 63 27 76 70 10 75 48 5 16 25 66 97 27 84
90 92 84 42 89 9 46 99 25 25 51 31 84 63 66 64 97 17 40 12 49 16 34 52 94 21 5 10 45 69 66 82 15 95 74 29 56 66 71 91 39 62 89 44 89 41 51 55 64 23 64 12 22 83 82 67 17 45 48 50 36 23 47 38 51 16 30 42 24 46 12 43 93 15 39 82 33 91 46 33 60 100 15 12 46 21 14 31 32 26 9 7 16 67 36 25 52 70 65 54
42 64 0 51 24 88 29 87 75 100 37 87 9 12 72 89 10 32 2 75 94 23 25 95 89 20 1 46 86 58 88 90 15 66 52 21 68 19 56 55 58 67 12 46 75 45 4 96 21 72 70 88 71 17 36 62 72 72 81 7 11 66 43 55 24 5 12 80 18 20 14 78 20 95 7 62 44 72 7 89 57 30 30 19 67 38 52 59 51 55 5 28 56 82 21 79 37 34 90 50
