7 17 87 28 18 7 13 47 64 79 47 54 32 95 10 15 53 38 87 96 43 17 97 82 49 1 38 87 88 39 85 95 19 24 64 38 15 58 18 82 40 71 74 61 46 26 67 34 7 71 91 7 97 1 44 69 89 45 61 76 69 54 65 14 94 26 31 8 45 56 22 98 6 85 10 28 68 5 47 68 0 13 56 11 22 75 73 33 75 17 31 98 79 18 51 62 64 42 28 34
68 45 2 51 0 99 55 12 44 100 38 35 79 82 54 67 77 5 60 42 31 50 48 61 100 92 0 22 15 59 5 7 47 30 47 88 18 48 38 94 84 56 63 66 58 55 89 25 90 100 0 70 87 46 23 75 62 25 67 28 92 10 80 47 57 21 25 60 99 31 20 63 68 39 56 0 90 75 53 20 89 24 34 43 21 89 68 90 28 78 37 35 49 79 8 67 67 88 85 60
21 3 17 52 87 87 73 15 71 65 23 78 15 6 41 9 51 10 11 84 84 54 26 63 47 64 72 76 84 33 56 52 46 73 29 6 3 85 80 28 37 8 73 88 75 63 19 90 94 8 18 81 78 91 18 36 35 32 27 51 54 21 77 48 68 24 15 45 49 96 79 63 83 18 34 44 72 85 83 92 17 55 75 40 55 83 9 47 97 92 18 41 21 63 34 56 34 92 98 62
76 9 60 87 43 4 44 58 89 28 47 18 92 44 44 69 29 40 63 81 66 56 21 30 62 18 53 90 27 23 43 59 38 66 9 57 79 23 95 8 85 55 68 83 70 76 35 5 28 92 17 74 75 67 72 94 51 61 42 19 34 55 25 34 28 39 33 79 13 30 81 59 21 4 34 66 31 66 99 37 92 60 100 99 41 98 61 23 78 42 86 77 50 82 97 85 59 65 64 68
1 14 85 74 92 24 83 63 6 60 49 87 25 70 77 70 40 9 24 26 2 40 80 22 23 34 15 91 42 30 56 28 5 71 69 32 78 21 37 71 59 72 50 10 83 94 55 42 69 53 15 16 72 94 94 28 5 6 72 50 28 82 16 2 88 78 23 43 63 48 83 75 45 55 54 53 65 8 21 54 66 33 4 77 69 29 90 30 1 8 57 22 65 16 69 35 4 58 55 41
64 80 83 66 49 61 23 84 44 0 46 70 1 23 79 29 78 97 56 3 28 48 70 80 90 54 52 68 8 45 24 0 23 14 95 72 38 36 57 91 45 43 97 1 63 4 15 6 21 5 69 36 34 34 1 79 63 99 63 23 61 42 26 22 22 2 76 89 81 22 39 77 18 78 75 70 79 1 33 29 35 91 30 90 19 29 83 11 85 56 48 48 39 30 49 9 13 27 69 95
45 61 81 100 20 85 56 59 12 5 41 73 79 72 68 33 80 33 27 87 42 16 34 20 19 58 1 70 90 0 66 43 17 43 78 23 54 4 93 69 80 42 10 86 67 61 28 42 81 40 79 97 100 25 56 14 62 39 55 19 82 61 88 62 10 87 13 1 71 65 68 31 30 75 49 97 76 72 11 24 10 19 89 17 49 83 21 44 5 78 25 98 83 7 66 86 72 45 61 54
37 4 75 73 19 46 0 29 82 0 31 3 21 14 61 2 45 92 26 16 91 54 47 99 41 2 87 39 26 26 32 61 65 71 30 26 70 0 72 76 47 50 71 89 49 27 59 93 5 29 14 20 29 52 34 69 91 58 20 83 66 1 34 18 89 65 65 96 88 86 50 95 97 38 72 80 61 95 93 90 11 36 35 39 56 89 97 70 45 29 28 72 0 17 54 89 36 78 27 91
3 11 66 12 34 13 78 100 99 6 21 63 65 77 23 91 1 15 98 60 34 18 78 95 32 32 73 46 79 16 4 13 40 13 18 19 25 33 49 4 90 20 96 72 57 68 37 0 19 77 51 82 11 57 76 48 28 73 52 50 93 17 36 3 17 68 83 56 40 70 81 45 25 62 80 27 46 69 35 64 33 83 90 54 84 45 30 33 16 81 57 76 50 65 84 1 4 6 18 91
79 86 34 23 81 25 24 84 15 80 70 10 43 79 74 24 67 79 20 93 98 0 73 92 38 26 56 88 70 57 40 80 21 46 99 81 16 95 53 43 19 58 42 73 99 28 93 1 69 47 88 11 18 66 18 58 11 91 28 24 81 55 28 74 15 68 52 4 31 66 4 52 35 49 67 43 85 78 1 76 44 48 72 15 38 95 17 17 51 73 53 59 54 29 22 82 8 53 7 51
12 18 61 20 46 23 72 0 22 92 45 6 30 17 46 20 47 85 39 55 20 72 47 13 74 11 29 9 54 88 88 25 22 26 43 9 68 75 94 22 63 87 40 32 15 45 77 56 70 82 17 39 58 64 44 11 66 4 22 30 44 69 6 17 95 43 0 54 38 17 87 39 12 0 26 79 67 82 19 90 34 0 21 49 7 21 78 33 42 96 59 87 38 59 85 4 11 80 63 96
24 93 14 73 6 85 5 95 65 40 22 34 77 25 80 15 24 35 27 5 84 24 82 27 35 95 99 54 56 3 93 29 39 30 79 25 47 21 77 3 69 91 58 16 72 63 48 9 20 76 100 6 64 38 50 33 87 51 38 71 14 18 8 15 40 52 86 98 99 36 1 85 47 97 26 96 5 16 70 41 95 72 52 87 21 88 14 80 12 55 38 98 90 90 13 9 79 85 3 91
19 21 51 70 84 25 58 30 63 67 72 92 100 73 75 100 39 29 92 97 24 86 10 57 12 40 72 60 28 29 97 90 94 93 18 95 38 89 61 39 56 93 5 24 59 87 12 51 71 28 27 31 61 5 31 83 38 6 69 2 90 22 76 76 19 0 15 92 71 98 82 48 60 84 6 45 22 32 94 88 52 29 0 37 50 72 79 1 63 32 73 54 70 98 22 77 56 79 100 22
29 53 63 15 2 67 22 98 36 56 10 24 60 69 81 4 39 64 45 13 94 85 14 64 76 43 85 49 53 93 70 21 71 78 89 2 65 38 14 97 41 6 22 39 58 7 97 74 98 61 10 43 18 100 54 74 84 56 5 63 27 9 89 88 45 70 81 9 19 57 74 71 94 60 88 54 97 23 21 30 82 100 97 93 55 18 93 45 37 96 4 2 37 86 82 87 9 60 26 87
89 87 39 56 19 67 98 26 95 70 17 94 51 88 52 97 96 2 69 18 79 78 19 18 92 58 3 21 64 10 57 100 48 37 69 45 23 99 4 84 81 83 91 69 73 99 2 10 68 87 79 48 76 56 2 72 84 71 30 37 25 66 50 2 96 79 22 41 80 67 94 86 35 96 40 77 14 41 9 4 38 17 0 62 37 10 6 92 82 96 40 92 19 51 17 67 14 10 85 72
19 10 98 37 79 90 21 22 5 86 43 78 77 54 97 95 91 55 43 58 86 89 14 35 25 80 91 34 1 46 60 16 41 100 29 12 10 40 53 81 29 64 45 7 25 57 36 50 48 17 99 28 91 44 42 22 25 49 59 19 27 55 89 19 89 83 35 24 57 64 11 43 29 1 33 66 16 58 63 65 56 77 6 29 89 22 67 53 9 67 18 73 53 94 57 71 40 99 11 59
63 52 86 28 10 83 23 65 6 84 40 39 76 59 4 39 21 85 62 30 90 47 79 31 60 26 28 15 41 66 16 89 3 67 49 78 90 98 36 36 38 82 68 38 18 55 22 90 100 43 48 20 23 8 51 42 94 64 39 8 56 12 71 81 85 82 18 5 45 34 82 20 19 49 1 0 0 84 99 19 9 23 19 68 27 6 1 90 68 94 1 0 42 38 65 47 76 48 26 99
88 44 78 74 26 45 20 42 85 51 94 71 66 61 33 38 6 35 96 36 100 42 58 21 53 10 3 39 1 4 19 77 73 78 90 62 87 77 50 84 71 36 59 85 15 25 90 90 58 0 1 83 18 3 98 51 0 95 48 68 7 99 14 64 42 0 14 40 31 17 34 26 18 100 80 69 19 80 36 66 73 81 93 19 43 82 96 68 90 5 95 20 45 41 55 87 44 96 75 22
4 70 74 96 30 25 41 51 26 88 15 91 84 100 93 74 62 32 99 82 76 62 39 4 7 90 64 25 6 42 54 96 3 35 81 40 5 22 40 61 39 19 43 70 79 93 24 41 35 99 19 35 23 43 42 13 10 89 49 12 12 1 33 52 14 90 58 38 73 79 32 9 73 56 3 35 98 79 31 86 46 80 21 13 36 10 1 49 37 35 31 27 39 77 67 60 19 55 16 89
50 86 43 53 82 50 3 24 35 13 12 41 39 62 3 87 55 36 47 9 67 81 2 17 7 82 57 64 56 75 59 34 0 68 68 60 23 70 1 67 36 0 58 60 1 53 79 98 74 30 33 81 95 1 21 38 30 71 92 81 64 100 1 91 28 88 73 49 8 64 68 64 17 38 18 13 60 0 78 43 93 35 83 47 2 11 33 6 78 33 39 76 7 49 40 80 0 93 88 92
31 21 62 84 31 22 95 71 47 16 90 46 60 26 14 97 3 52 59 36 51 42 81 34 57 89 49 14 29 88 43 94 46 89 95 53 80 14 9 51 36 42 9 19 77 85 35 81 87 35 20 78 30 74 17 22 23 76 0 96 71 36 69 20 3 89 23 53 9 72 87 31 54 3 95 17 13 15 44 4 30 80 40 81 88 95 52 72 16 44 56 82 23 99 0 56 92 89 60 12
12 77 33 61 70 23 84 27 1 7 96 2 6 24 53 55 43 69 4 27 39 34 41 42 53 69 69 48 8 58 42 21 51 93 99 35 7 42 54 80 13 92 72 97 47 12 47 19 16 72 32 93 56 98 90 50 15 3 45 45 23 40 32 57 36 23 44 72 41 100 20 40 72 46 92 26 70 14 54 39 8 60 94 10 100 42 40 15 51 21 33 90 0 98 7 8 2 87 63 15
15 52 84 16 28 97 22 34 28 21 78 76 78 94 100 94 5 65 79 42 9 29 80 87 98 54 27 56 70 77 85 10 30 93 61 28 96 0 96 29 91 98 76 50 38 99 93 95 29 95 98 59 34 55 10 9 75 26 29 95 60 26 54 74 76 6 73 78 2 51 89 99 73 43 72 94 66 96 51 27 12 54 100 1 46 14 96 92 38 51 72 94 97 56 0 27 94 69 1 24
88 63 79 43 9 33 32 37 73 51 78 58 79 59 46 41 74 98 95 74 37 60 68 90 58 42 81 99 76 38 76 0 24 26 26 48 40 29 32 14 50 100 95 4 71 23 98 32 50 31 61 50 72 39 80 57 31 15 90 28 66 50 4 1 87 71 54 24 63 46 63 34 1 99 34 56 41 38 62 60 32 72 47 34 73 62 0 69 33 30 75 68 56 47 38 23 93 93 64 73
28 19 88 95 22 98 82 57 79 1 41 9 33 4 4 49 40 10 30 67 91 59 26 65 51 40 4 80 1 87 37 53 9 61 69 2 36 55 63 2 42 57 73 24 28 84 67 14 7 50 55 82 80 70 32 36 65 38 26 41 23 77 21 0 94 59 67 25 73 95 68 13 91 27 66 53 85 89 76 74 27 67 56 11 30 31 14 65 27 53 8 39 3 32 77 68 98 33 64 13
69 44 6 76 10 20 18 100 37 2 1 19 26 98 92 39 42 42 50 58 20 55 84 83 43 92 26 91 53 34 97 61 3 58 23 35 92 84 74 47 1 14 20 10 38 85 51 94 3 61 13 35 66 17 36 43 75 50 96 97 89 0 63 41 65 73 27 52 26 2 81 56 43 46 21 59 34 91 31 54 67 34 81 98 5 25 60 65 71 69 80 76 11 28 93 17 63 10 63 26
75 25 45 45 92 52 62 44 29 57 48 95 6 83 12 36 68 18 15 15 24 68 25 94 44 14 80 13 96 40 52 8 77 83 66 86 95 56 60 96 87 53 32 0 77 12 28 27 6 71 11 44 42 54 1 55 97 9 15 18 54 5 50 14 87 34 70 25 6 76 43 1 6 64 36 47 53 98 26 57 11 61 34 59 82 55 52 22 0 25 20 58 83 56 63 72 76 33 10 26
79 12 93 85 39 15 33 98 93 77 73 11 82 53 54 7 68 38 51 64 70 64 71 66 54 20 88 17 59 14 100 78 13 32 64 11 62 14 100 99 29 29 82 22 5 61 16 38 40 19 27 34 35 63 62 18 70 19 91 93 15 9 58 4 0 79 70 73 65 100 12 13 97 33 13 63 50 27 64 65 75 9 61 7 78 85 84 60 17 43 41 38 91 77 61 16 47 76 3 37
88 4 48 0 63 24 32 74 6 63 37 62 93 5 83 80 99 96 35 74 10 20 96 94 39 52 100 25 62 47 93 78 41 100 62 79 35 20 64 46 6 91 58 52 73 33 9 87 4 24 78 17 70 41 100 4 83 78 84 69 2 82 16 9 31 86 57 25 74 52 41 68 73 8 96 89 82 4 46 61 21 98 61 37 19 5 28 34 70 25 65 67 40 28 20 92 91 23 29 23
10 71 95 75 26 97 19 73 66 49 80 82 17 72 81 34 30 82 26 23 7 8 85 79 93 33 95 85 21 4 0 30 51 36 36 47 55 32 38 0 73 67 92 97 74 71 87 7 47 27 4 25 81 24 99 44 45 76 28 26 94 44 17 94 48 100 72 25 16 65 2 97 88 28 94 48 44 79 74 70 2 43 50 60 59 69 72 38 20 67 16 87 25 73 70 90 23 18 80 15
13 77 60 95 22 42 65 57 6 86 66 41 69 73 92 98 45 42 92 27 71 84 61 46 58 6 2 49 89 51 84 85 5 82 84 86 61 1 5 93 5 64 57 94 55 33 40 70 8 0 65 75 55 1 2 62 86 25 57 85 9 72 29 74 75 10 26 92 85 44 51 44 5 5 50 3 95 61 44 11 18 74 77 98 4 30 34 57 37 79 25 49 72 87 50 6 73 82 46 11
28 76 88 63 20 15 36 63 43 40 47 75 74 82 13 65 66 27 91 29 18 57 17 53 34 33 53 63 17 33 98 94 8 58 96 57 85 88 39 90 0 51 0 98 1 74 35 93 81 81 16 97 33 85 18 67 61 85 58 55 99 43 96 12 14 44 64 65 98 30 58 82 21 47 89 88 91 88 84 99 57 98 24 56 1 94 98 72 5 18 64 61 37 89 34 100 91 40 15 29
73 11 18 31 88 0 36 18 71 83 83 13 29 83 5 79 23 47 63 99 28 72 97 0 21 79 12 21 86 10 36 36 22 50 16 6 61 28 60 86 65 15 29 44 12 0 99 93 48 18 50 89 18 94 85 85 6 44 77 66 95 37 93 74 95 61 85 94 89 63 71 66 21 92 16 48 7 33 3 15 93 93 7 62 43 22 18 47 36 18 96 48 28 97 46 29 13 18 53 5
42 31 100 36 87 33 3 33 49 41 27 38 81 38 66 66 99 22 3 69 13 48 64 21 86 22 74 80 0 75 97 37 41 32 24 60 24 76 6 34 55 11 95 31 69 47 90 85 44 95 38 93 10 25 42 24 51 12 3 80 38 98 73 43 76 40 52 37 39 77 2 70 64 0 4 25 82 27 63 34 42 19 69 18 42 12 84 59 87 14 81 3 83 44 50 30 23 80 33 27
98 80 94 68 80 59 43 97 53 65 70 18 98 99 59 62 88 55 9 79 8 44 21 7 92 7 31 18 32 92 5 48 68 13 15 89 53 30 100 40 14 2 15 54 86 60 53 17 96 22 73 77 67 8 55 24 66 79 31 92 32 98 91 17 19 8 49 40 11 58 1 91 48 80 59 75 69 35 65 72 24 77 26 91 76 73 10 33 72 34 45 36 2 80 52 82 38 96 21 56
38 96 20 37 47 21 45 90 50 70 87 100 13 30 7 23 92 39 58 16 77 76 87 39 97 43 8 32 44 57 46 61 74 17 81 18 46 40 19 2 12 93 3 33 1 98 100 63 78 79 83 33 42 97 55 30 5 72 61 14 30 40 34 70 20 35 95 50 3 52 19 94 96 79 69 58 59 63 14 47 1 73 14 53 21 88 39 5 36 56 81 25 14 98 25 76 36 76 39 24
7 99 39 20 89 92 79 88 65 55 74 21 18 28 74 80 22 96 4 67 47 92 96 82 96 72 78 93 29 57 65 74 33 100 70 55 64 69 92 48 9 49 68 18 73 58 21 21 83 41 90 97 4 85 29 51 63 14 8 18 83 67 76 73 18 21 42 3 72 13 63 22 71 23 29 21 3 79 33 90 27 56 8 27 75 43 20 62 64 44 5 42 32 99 11 20 68 2 79 10
30 49 72 77 48 27 10 65 87 60 27 35 52 100 46 81 84 65 8 6 19 33 91 6 51 28 23 97 73 69 79 19 17 40 19 15 16 5 27 1 27 28 6 93 0 65 53 73 51 20 40 16 13 64 71 50 80 25 94 2 26 32 63 71 63 100 8 5 21 78 80 53 55 26 66 20 70 6 58 81 49 6 15 40 73 17 2 13 67 63 45 16 12 98 34 3 30 90 12 85
76 60 91 72 4 50 61 54 79 93 24 25 29 91 90 38 22 6 87 97 95 27 58 51 21 34 41 61 36 1 80 70 52 63 48 16 40 64 73 34 73 5 39 8 98 58 80 92 36 9 76 91 87 91 33 3 15 37 8 5 0 25 45 63 83 26 85 0 35 47 100 74 72 47 99 67 60 3 36 13 77 17 66 35 5 26 76 79 7 21 36 87 30 41 81 1 34 9 2 19
79 41 15 10 34 27 90 46 90 16 73 41 79 7 8 25 51 29 27 45 7 68 42 76 71 60 26 94 31 60 71 74 72 11 85 1 70 7 37 13 42 54 91 38 2 51 90 31 1 52 27 24 87 22 61 97 17 21 80 29 12 0 44 40 1 98 52 89 63 99 54 13 81 23 11 65 64 91 66 96 32 55 4 93 96 38 70 12 66 57 98 70 77 80 26 27 23 88 39 56
66 91 4 79 82 19 55 53 97 61 14 17 57 34 31 29 42 92 4 5 11 15 12 6 22 44 58 63 32 33 88 50 82 26 63 3 9 3 67 14 42 38 77 27 3 16 63 1 8 58 74 15 20 40 48 22 69 89 64 80 82 14 8 15 99 68 61 93 33 71 25 46 100 10 79 88 80 86 20 73 87 42 85 93 16 47 51 58 13 91 79 42 21 23 74 21 81 28 99 96
46 22 42 97 27 21 75 64 86 8 28 68 15 93 5 90 34 12 12 66 72 88 17 56 32 48 46 68 72 64 100 91 14 29 7 31 2 96 2 82 19 98 86 19 32 99 58 28 49 26 54 79 40 29 93 61 42 2 63 65 50 89 4 91 4 0 59 72 44 83 17 32 6 55 90 77 16 13 49 14 97 81 8 27 72 69 31 94 48 25 44 86 49 22 41 81 42 25 3 51
47 42 29 32 74 26 41 17 99 77 94 91 24 86 38 43 45 60 6 95 88 85 37 41 38 92 72 89 24 89 59 31 94 46 72 55 87 18 49 33 52 4 46 23 3 34 60 70 96 66 52 32 45 6 100 49 74 88 78 44 31 52 82 70 63 37 53 25 82 13 33 23 50 97 34 55 37 76 37 99 19 76 45 74 46 20 75 81 82 15 30 22 62 26 61 76 17 49 97 63
59 80 8 10 84 100 24 64 77 8 94 15 68 62 29 44 47 37 50 78 52 79 72 36 63 30 94 65 60 55 65 6 10 32 5 56 76 37 96 91 29 2 96 32 71 94 100 55 71 60 84 100 51 2 78 61 69 68 74 26 35 5 35 90 2 99 26 56 51 28 67 40 80 72 52 6 26 81 80 73 12 75 28 35 87 27 41 50 75 28 77 75 25 67 40 89 5 58 79 38
3 47 73 39 23 98 72 17 11 21 59 60 71 58 71 35 73 49 92 58 9 18 34 29 61 17 50 6 71 60 21 13 29 96 30 47 11 90 98 13 97 12 14 89 93 36 0 54 71 81 61 38 79 9 81 30 92 89 46 4 25 56 80 77 54 31 45 76 83 79 10 70 10 32 17 15 72 31 56 64 2 100 26 11 22 2 49 68 49 74 20 64 86 17 67 65 31 42 35 17
63 63 65 0 84 94 88 60 33 58 45 37 10 89 1 32 3 77 12 84 55 51 40 54 31 98 63 66 96 43 68 15 93 23 25 24 79 3 51 95 66 98 87 18 93 91 38 26 88 5 50 96 48 62 32 70 27 1 93 18 46 45 13 57 90 60 11 76 23 28 21 92 28 53 73 33 91 70 44 69 90 8 15 29 14 14 62 8 3 12 80 22 59 92 25 3 40 10 20 98
40 52 2 80 80 18 77 38 38 68 54 9 19 65 90 62 77 90 60 15 37 13 91 88 51 68 33 63 68 62 11 78 4 57 63 26 35 52 51 86 24 3 1 22 57 34 83 56 55 70 46 69 25 18 58 18 94 94 31 40 31 58 14 18 96 13 83 29 87 58 24 77 36 81 24 56 36 84 61 6 87 43 16 98 5 50 43 87 92 63 73 45 0 26 81 94 36 22 68 2
45 67 82 31 73 13 66 20 3 77 50 74 36 91 13 47 38 32 93 49 75 53 50 10 4 36 59 52 24 42 72 14 6 93 88 78 40 83 23 78 56 57 1 68 53 9 38 47 80 86 76 57 48 50 40 25 66 61 94 63 38 93 55 53 95 80 48 42 17 100 73 76 45 95 93 36 30 14 25 82 5 79 46 89 27 5 87 20 58 89 88 13 6 39 76 3 0 61 9 63
85 61 38 52 62 12 94 13 9 100 9 25 90 45 31 58 24 67 14 40 50 98 81 34 53 47 11 88 20 70 26 31 19 5 50 36 58 98 65 14 62 26 98 76 50 38 98 87 65 79 100 6 10 4 56 42 97 77 70 7 18 81 6 47 60 41 2 88 78 77 99 41 27 73 85 85 46 88 81 77 86 98 50 51 18 58 9 52 73 3 26 78 95 8 75 22 92 92 26 41
55 70 52 68 83 70 6 10 3 20 90 20 4 11 71 83 34 69 29 95 82 53 7 58 87 77 74 15 98 83 62 10 13 6 3 59 56 80 49 71 82 64 72 91 12 67 53 25 97 19 100 80 37 3 78 10 85 2 93 7 55 79 98 31 81 90 9 96 73 73 47 69 66 40 48 28 86 47 84 6 30 44 99 90 73 72 99 90 23 74 18 67 16 49 75 69 17 47 93 93
97 93 29 77 30 62 85 56 83 88 0 28 32 84 48 3 97 17 42 83 61 0 23 36 23 78 28 53 79 11 38 71 60 2 51 81 89 58 36 80 68 75 43 97 44 35 95 44 81 48 54 49 93 62 93 33 6 33 70 63 60 13 21 37 35 4 17 85 83 88 87 26 0 24 36 61 25 74 95 37 61 58 65 11 77 41 76 90 56 15 66 4 0 33 17 92 81 84 88 25
36 23 85 89 31 87 93 4 76 23 14 67 32 22 59 50 77 70 37 51 23 81 28 71 35 22 77 52 51 77 74 98 97 1 52 30 59 54 46 31 20 68 85 0 33 10 18 6 80 45 24 32 100 0 64 73 76 2 70 59 77 10 31 23 14 90 66 11 87 47 32 31 22 65 65 95 56 29 64 74 67 37 59 48 52 46 6 74 83 40 0 38 37 9 49 35 94 55 61 25
78 18 9 71 39 47 62 5 21 69 39 8 91 23 82 52 19 80 35 33 90 86 16 77 90 21 21 38 19 28 33 33 31 100 30 83 92 8 80 38 73 74 32 50 5 34 11 38 50 55 94 72 8 86 51 21 68 67 96 96 7 49 57 15 69 100 63 88 43 57 63 16 55 1 54 29 90 25 47 74 82 6 27 57 76 74 17 91 54 31 95 93 24 7 21 69 4 0 11 67
85 26 80 74 71 50 51 32 47 83 40 24 46 63 75 70 31 53 88 33 63 23 69 41 61 48 71 24 36 24 57 63 73 4 90 24 93 60 57 60 100 88 89 40 89 7 85 38 19 76 31 87 31 7 0 25 36 79 53 40 41 98 69 79 14 37 8 9 25 9 43 10 91 34 43 16 32 84 70 99 4 75 66 32 84 35 33 40 68 37 28 93 9 39 46 82 10 17 78 16
55 57 97 43 43 58 54 69 60 29 72 3 79 37 57 43 77 1 46 42 27 5 8 12 77 77 87 17 69 71 84 98 9 17 0 10 48 99 68 80 30 95 19 95 65 51 24 38 91 22 32 24 59 23 61 87 71 82 66 92 35 68 61 88 45 95 31 57 83 18 49 29 13 14 73 84 16 32 17 20 88 78 71 59 12 79 70 93 29 86 18 85 99 75 84 78 68 13 23 43
85 28 63 50 39 85 41 90 31 22 8 54 2 74 61 49 56 75 75 42 47 93 77 55 50 64 57 54 6 34 55 61 71 39 82 90 83 63 68 67 89 94 95 83 54 61 68 93 45 74 72 64 12 34 29 47 3 81 54 85 53 30 18 7 6 89 10 98 42 99 19 92 85 7 66 23 28 69 40 81 75 34 49 15 43 64 80 37 3 40 99 72 53 20 88 72 88 18 91 66
63 88 72 59 7 92 5 24 59 26 68 18 49 97 97 10 78 47 14 79 80 86 56 22 9 68 44 58 76 44 83 73 27 31 94 75 55 56 79 68 52 17 68 66 14 29 1 7 74 37 88 60 53 74 32 71 40 68 71 18 7 64 49 50 63 83 88 48 22 29 15 37 66 56 97 18 77 12 21 100 81 27 5 27 65 89 10 31 50 69 42 96 80 43 12 57 5 55 76 40
38 21 41 90 6 64 84 88 99 88 57 96 60 47 94 91 49 87 52 66 52 28 79 71 9 90 44 71 41 77 57 30 93 75 37 18 63 5 84 71 65 28 32 16 70 26 66 81 7 49 46 22 100 62 88 47 37 51 61 5 50 70 30 35 41 58 11 8 46 19 48 8 47 18 83 91 20 13 100 10 21 49 44 71 20 16 82 15 88 18 93 99 45 98 37 2 56 29 92 5
38 13 28 98 56 75 81 35 33 25 87 32 2 88 100 77 62 92 66 12 26 27 48 81 66 46 89 43 100 86 84 68 59 32 98 55 20 51 98 78 99 89 7 28 15 90 23 73 70 5 33 25 59 11 90 20 5 8 24 33 33 27 36 19 49 51 53 37 46 91 12 38 58 76 78 65 6 44 14 64 70 53 73 82 41 24 27 88 35 33 22 37 9 68 14 23 76 96 57 3
33 99 50 48 57 65 4 92 16 86 16 26 50 89 63 49 100 77 6 13 34 10 29 27 77 75 25 31 96 27 97 91 69 99 37 4 93 29 8 65 49 62 2 40 50 84 89 66 43 73 70 56 0 7 72 43 23 53 47 30 4 99 7 53 16 33 6 63 34 63 35 97 83 42 25 57 84 5 66 37 48 90 79 46 63 25 0 69 51 37 84 13 93 9 10 73 61 65 90 13
56 40 44 83 44 97 14 79 70 15 56 7 90 59 88 32 11 37 13 39 5 11 39 49 40 41 7 93 95 40 14 61 91 53 71 73 55 18 75 23 56 65 99 17 81 54 41 74 97 0 96 10 52 42 16 60 23 61 27 14 52 66 40 54 18 42 63 41 6 25 77 50 22 71 7 73 29 19 94 60 47 33 53 100 0 28 44 18 73 80 5 100 61 63 79 5 28 58 90 52
71 0 55 19 62 19 56 41 71 73 16 89 57 12 81 45 69 49 27 71 85 94 100 3 21 42 27 58 34 90 69 81 35 4 95 28 100 38 18 46 12 27 50 94 98 70 76 8 8 27 37 87 59 90 40 94 67 36 29 49 54 90 47 75 59 91 50 61 63 46 51 72 86 35 62 22 79 90 58 93 28 99 59 46 35 23 34 27 63 68 11 53 76 16 76 26 56 70 44 39
91 83 78 89 87 42 93 48 72 23 18 22 26 68 69 82 70 67 99 45 76 85 61 65 22 99 86 67 70 95 5 9 26 57 81 26 26 1 56 71 42 45 3 87 30 1 85 85 2 38 74 77 84 63 30 40 15 75 95 56 58 70 45 70 28 9 15 70 90 31 5 86 88 46 84 85 98 12 82 70 9 67 33 30 60 89 95 76 81 41 79 32 27 25 33 62 27 33 13 38
22 8 51 44 88 69 81 73 41 28 19 54 59 55 77 95 31 59 46 57 21 5 56 56 74 16 16 93 13 12 39 64 13 85 64 56 19 97 52 16 50 62 73 77 95 61 53 51 77 63 76 36 31 6 32 76 79 68 19 79 86 38 63 99 71 28 32 39 68 26 13 23 84 27 83 83 50 40 67 43 99 12 26 23 25 26 99 49 13 39 63 0 5 3 16 15 49 52 7 62
42 100 11 5 30 50 98 25 98 91 53 83 33 63 93 24 28 38 25 40 91 72 68 36 96 98 34 12 11 68 47 33 4 27 41 82 41 97 34 39 34 90 54 41 0 56 74 68 40 52 60 62 16 73 76 65 98 8 89 16 4 100 65 22 26 69 28 80 14 51 25 79 52 94 39 75 51 67 77 51 20 37 11 100 14 69 46 87 26 9 71 15 32 79 73 93 53 31 28 11
23 28 43 60 78 88 89 23 26 29 84 12 27 28 52 92 54 42 95 12 80 48 84 54 73 72 26 57 82 69 43 32 76 14 64 39 0 71 47 18 27 42 96 20 52 2 74 22 56 89 77 65 9 68 29 95 83 37 67 79 59 22 68 11 99 24 58 27 76 99 84 87 20 29 14 50 12 61 82 29 25 91 61 29 8 82 87 97 47 93 7 64 70 52 13 2 20 98 84 36
10 41 63 73 64 11 84 30 59 74 46 70 55 0 56 19 94 99 94 52 45 74 65 74 11 40 59 18 9 85 28 55 44 81 36 4 51 98 45 17 55 15 36 49 79 5 36 93 37 30 94 47 3 72 61 36 2 1 41 86 74 80 45 20 58 77 66 77 68 40 84 31 67 3 43 93 28 21 5 80 64 13 85 72 83 70 87 52 32 52 30 71 33 52 70 76 29 96 25 71
95 95 25 68 27 34 32 6 95 4 59 29 92 8 48 43 77 16 72 92 52 24 26 49 1 91 44 73 79 94 80 64 60 47 26 33 53 66 42 76 39 77 92 32 85 69 53 2 37 94 82 73 78 30 83 49 15 61 58 92 81 37 68 12 80 27 77 71 84 12 71 80 55 33 2 28 46 80 13 44 45 52 3 97 91 71 54 89 48 7 99 15 21 91 11 97 18 13 94 61
33 36 82 41 100 31 74 78 95 31 1 77 29 92 77 26 10 38 13 78 64 95 80 57 43 44 41 83 61 80 16 86 52 28 9 78 97 37 82 43 95 44 68 33 9 37 91 31 96 7 56 19 95 32 74 51 28 36 50 47 11 90 3 93 26 30 48 80 12 0 27 25 7 44 94 20 59 6 1 82 62 76 79 47 50 54 97 63 72 35 91 7 68 32 46 53 44 31 11 2
75 38 68 54 97 3 42 1 69 52 35 58 31 41 60 12 32 43 66 64 79 97 100 16 55 53 46 33 38 9 69 66 27 4 12 0 41 40 11 76 5 72 4 78 5 71 62 5 85 94 79 69 63 70 4 78 0 36 6 66 12 78 79 90 86 37 29 51 4 53 81 10 29 11 29 79 13 83 37 15 91 33 50 66 56 1 13 41 2 3 77 55 49 30 61 100 98 20 60 38
37 73 77 42 72 65 74 38 28 31 64 55 85 55 74 69 14 45 2 4 76 71 90 66 14 16 75 43 44 47 88 74 45 2 49 32 37 42 44 4 61 52 45 18 69 52 29 68 77 93 35 22 30 46 64 42 48 80 62 13 46 28 89 72 90 13 99 88 76 5 66 61 10 53 16 30 71 81 98 70 18 44 79 21 10 32 81 60 9 4 67 73 58 41 9 58 88 6 76 34
38 87 89 98 18 35 85 43 53 7 17 93 4 87 61 89 44 11 53 89 42 10 80 16 49 58 55 67 69 50 57 60 11 100 84 64 51 37 48 24 82 40 91 73 68 8 69 24 60 89 32 46 76 38 40 0 75 2 46 68 51 77 34 1 80 18 85 31 7 17 68 39 20 77 24 16 28 52 19 44 81 73 42 99 13 9 95 47 82 31 61 47 91 72 71 79 30 18 12 41
22 54 90 41 59 7 56 23 69 83 45 49 57 98 7 36 2 35 63 17 28 30 93 51 55 93 85 69 32 40 88 24 89 45 19 5 47 7 69 62 83 89 42 77 37 50 52 98 63 95 73 95 50 45 87 83 58 41 87 14 70 90 12 46 84 61 63 74 46 69 5 23 32 88 36 27 34 20 10 29 80 6 1 53 70 95 43 77 63 37 17 88 35 40 56 60 63 79 1 8
67 99 56 29 99 94 26 76 74 50 81 12 81 13 48 13 4 67 80 37 98 77 24 82 73 59 75 85 48 83 85 62 61 63 98 61 98 20 69 26 29 29 99 13 85 13 83 99 47 85 77 48 34 80 78 56 90 12 40 45 94 74 6 89 63 48 99 70 71 77 63 92 80 95 67 38 14 88 90 21 33 65 38 8 11 88 91 57 65 24 16 63 65 42 63 65 81 42 39 65
43 46 52 31 75 68 70 84 84 3 37 55 21 83 6 61 81 59 89 80 16 88 100 18 27 29 8 27 44 59 67 91 4 8 25 98 4 68 88 51 90 29 69 56 16 17 17 56 29 28 98 0 76 90 58 83 2 10 52 2 32 15 87 65 62 67 16 19 36 60 61 53 26 19 94 29 11 14 8 84 90 9 71 68 73 24 50 31 98 79 19 44 80 57 63 17 70 33 92 13
41 77 38 27 73 90 72 45 94 57 93 92 24 76 15 62 38 58 98 82 21 6 27 98 72 18 78 64 76 76 94 90 1 91 86 8 72 35 62 34 24 72 10 48 58 32 22 36 15 98 9 32 79 3 93 89 17 41 53 18 30 19 50 6 65 37 78 75 29 97 55 34 46 15 54 22 89 25 82 70 95 13 19 96 69 38 18 26 50 54 75 29 72 72 97 83 31 56 58 7
52 62 17 95 43 81 80 26 74 78 31 42 56 53 92 3 29 14 79 50 71 86 20 85 90 90 10 61 76 87 22 25 86 73 99 100 98 24 48 96 65 46 8 3 25 39 36 2 10 28 95 92 52 31 87 38 92 50 58 48 29 69 65 57 100 29 99 91 31 69 29 70 25 19 61 88 55 11 23 55 1 28 74 53 92 3 26 65 90 27 36 58 35 39 27 25 42 51 77 43
98 85 2 15 81 27 51 90 61 81 58 65 2 2 2 66 53 46 85 50 59 12 30 48 93 50 18 87 21 41 33 9 93 31 10 12 49 42 11 71 33 29 74 24 11 71 50 96 79 20 71 88 52 2 95 84 66 17 61 32 68 81 17 41 76 65 88 65 8 8 97 68 35 51 88 46 59 64 64 18 97 73 45 67 99 87 8 97 84 67 3 7 19 76 9 1 0 34 44 100
32 59 21 36 39 24 52 64 28 17 40 33 95 3 81 38 61 84 35 92 9 27 30 61 80 78 55 12 96 29 82 71 7 78 77 41 71 30 23 28 82 94 82 75 1 20 94 8 74 11 15 30 100 60 34 22 52 96 56 61 25 44 93 31 79 94 41 91 35 99 56 89 17 5 44 94 79 73 76 18 42 24 11 51 75 100 55 89 2 91 87 55 85 90 90 75 93 81 21 90
22 85 100 43 25 78 66 42 0 43 16 13 58 9 85 48 76 52 76 34 84 79 54 21 41 11 20 93 99 76 95 30 18 82 55 86 40 48 36 42 23 18 75 70 49 97 16 93 33 19 91 86 20 83 61 10 61 14 9 57 68 64 25 81 8 44 29 99 80 67 50 39 59 83 73 54 25 11 86 60 90 84 94 67 22 7 78 61 15 24 89 78 2 10 13 66 18 36 12 28
50 15 30 87 41 56 61 29 98 96 3 28 62 60 79 32 15 71 56 61 47 58 68 100 3 1 0 55 91 71 3 39 16 84 35 2 15 36 74 70 50 81 1 4 29 57 20 100 47 19 93 70 80 48 96 82 67 0 40 85 48 61 89 71 60 43 33 63 65 98 75 93 0 19 61 16 78 26 69 59 73 39 55 26 85 56 43 41 83 27 42 83 78 35 54 15 49 80 87 32
96 31 77 17 29 2 62 60 28 39 37 61 15 52 53 54 76 85 69 26 60 72 48 91 21 81 61 48 66 92 27 8 93 89 8 61 4 30 21 6 79 56 36 93 63 14 12 16 44 93 55 19 1 87 30 76 45 50 35 71 3 4 51 37 84 84 21 67 34 4 58 15 74 11 12 22 70 39 2 80 10 41 100 36 74 22 27 95 30 98 41 39 64 7 96 98 83 7 5 59
98 17 92 84 29 84 37 7 85 49 78 58 97 11 95 49 66 43 16 22 33 84 27 51 52 22 80 28 12 72 75 56 67 75 97 19 19 42 62 92 46 64 92 86 30 5 8 1 32 44 56 14 25 46 19 87 14 65 68 44 64 15 88 5 73 25 41 0 70 54 49 1 7 56 22 57 72 29 96 6 59 37 48 50 2 52 34 7 84 37 16 2 10 46 54 70 63 91 51 35
33 36 91 10 61 79 44 39 8 84 52 94 88 100 21 56 20 47 59 8 26 25 43 52 41 87 21 63 40 79 84 6 5 11 27 63 100 75 52 11 19 5 42 91 18 97 11 48 84 36 16 91 85 90 39 94 38 88 93 73 74 51 60 91 95 59 76 12 23 49 32 69 51 45 76 48 81 39 37 26 41 26 17 62 43 22 15 51 45 92 64 37 58 78 100 87 95 3 78 44
32 48 10 67 54 43 77 73 35 2 54 60 47 40 94 13 88 18 72 39 43 33 94 29 35 98 89 3 78 70 75 20 54 96 19 97 57 74 14 29 44 76 53 91 40 17 71 58 100 49 71 25 74 93 73 69 30 42 40 22 88 3 59 46 92 28 0 77 93 0 6 9 11 63 24 60 58 82 70 68 27 13 24 50 64 25 39 55 94 39 11 31 51 48 18 65 24 5 62 33
3 31 56 36 15 65 26 62 83 23 34 42 37 76 61 26 3 18 11 69 76 96 58 90 63 54 57 88 15 90 51 1 92 73 68 48 56 97 4 72 45 1 94 25 64 51 22 41 15 85 27 8 56 62 51 36 57 90 68 5 40 5 9 21 52 13 100 50 18 55 72 9 59 97 36 89 51 54 25 76 30 73 63 90 93 60 56 13 13 49 25 78 87 90 23 45 23 71 45 80
81 92 58 55 86 79 13 39 83 58 54 68 93 69 95 61 3 14 71 6 24 49 11 15 9 40 42 65 83 75 91 39 0 70 64 3 6 20 2 63 51 23 51 67 48 84 94 73 35 11 60 9 85 99 97 17 91 35 37 56 34 76 98 45 8 15 29 15 38 33 67 36 76 24 38 43 35 91 46 11 63 53 78 95 77 70 40 73 41 57 51 85 47 56 4 29 11 52 46 36
97 51 66 12 35 12 75 81 10 13 34 29 47 54 48 53 29 0 47 65 68 29 58 13 90 50 82 8 21 100 57 55 81 64 66 21 18 77 88 82 91 22 46 80 90 17 0 82 8 91 98 75 29 95 7 19 32 24 30 9 38 91 50 40 92 35 17 65 86 89 89 61 33 3 33 49 42 92 11 15 83 4 86 28 68 35 16 25 50 35 27 6 7 20 30 44 43 43 32 74
32 57 46 22 79 3 77 34 22 72 85 17 96 57 63 73 45 2 92 70 47 62 73 8 88 35 92 3 73 63 31 14 94 36 0 89 79 45 58 52 37 66 30 83 85 48 39 34 98 96 61 89 52 74 2 86 72 68 94 71 48 44 47 80 73 69 51 50 49 61 50 81 0 73 96 11 32 45 62 80 71 63 45 11 80 52 62 84 4 73 22 90 7 46 52 7 35 84 60 26
35 46 51 16 81 4 8 21 13 89 75 4 36 19 90 69 54 1 11 31 53 42 46 92 89 97 1 81 78 69 91 30 69 67 31 27 39 33 27 10 58 41 10 96 26 96 44 81 77 64 34 41 4 39 0 77 98 34 86 22 46 13 72 100 65 82 84 81 22 43 45 32 82 32 96 38 98 5 98 2 61 11 40 51 96 94 81 93 76 52 57 44 3 95 24 8 60 96 55 73
74 45 66 16 28 64 100 64 22 40 52 28 73 94 24 43 97 8 82 14 73 68 95 54 15 70 4 93 62 32 88 18 87 100 51 29 91 18 23 84 66 42 86 95 76 77 39 12 2 82 25 3 12 81 31 86 30 75 43 18 24 76 62 83 82 14 72 3 51 72 77 6 26 72 41 27 100 59 56 8 94 35 100 49 96 93 14 84 14 75 18 25 4 35 80 1 18 18 68 23
93 75 92 56 22 50 90 71 20 32 46 95 98 92 39 96 94 97 28 83 4 38 88 45 37 14 17 28 38 83 12 28 35 47 79 86 24 47 29 31 98 29 19 89 35 25 10 64 55 15 97 79 52 92 48 99 35 7 3 60 60 83 86 29 22 84 54 17 84 36 4 100 65 82 91 76 8 64 19 46 16 39 38 19 32 52 41 94 25 41 83 58 60 92 11 95 13 53 65 32
98 21 97 70 88 66 38 20 99 45 81 51 100 25 65 37 42 80 20 53 50 6 34 79 7 40 22 17 65 98 77 85 61 26 87 47 12 39 80 0 12 33 39 77 20 0 64 97 6 94 32 75 90 57 46 53 21 10 96 84 48 61 35 84 39 85 26 33 43 95 53 80 69 17 80 6 17 84 13 46 9 1 3 24 40 1 73 8 96 0 75 10 91 78 21 44 36 94 75 31
66 95 4 96 95 21 83 75 37 34 49 91 92 91 85 13 19 40 61 44 54 8 74 12 19 64 66 46 92 7 4 99 28 32 56 100 47 50 33 7 87 75 17 38 38 0 94 65 25 93 90 73 51 10 24 34 72 40 26 79 42 67 44 88 43 98 96 74 75 92 38 12 30 90 78 2 72 88 38 52 37 58 36 87 26 52 52 91 96 23 52 61 100 63 60 1 9 77 100 64
43 77 33 67 94 2 11 22 67 20 7 42 53 84 46 100 24 3 76 48 23 58 71 11 6 87 98 7 72 63 23 71 72 82 88 68 14 63 91 98 34 47 97 24 1 48 53 57 41 74 77 29 83 33 29 61 92 43 54 45 19 10 84 91 93 88 62 92 94 78 52 60 22 82 53 1 59 5 31 36 67 37 81 34 91 88 49 1 48 96 56 68 92 22 99 3 5 46 84 69
52 23 39 83 12 43 14 61 5 5 78 53 64 46 80 2 31 34 84 21 17 0 48 15 67 45 20 80 12 22 60 59 94 56 11 5 4 56 81 0 6 94 88 97 78 87 81 96 3 68 81 37 78 11 9 23 45 61 97 86 99 14 11 54 92 89 36 66 13 83 92 20 54 23 91 45 96 78 62 40 80 30 58 7 71 96 66 95 23 61 6 6 26 26 40 83 15 80 35 32
98 93 92 72 87 60 9 39 89 89 70 48 36 46 42 51 37 16 54 49 15 50 26 67 46 28 98 37 44 42 87 31 29 45 1 97 82 18 75 0 25 93 10 65 21 69 52 29 50 23 84 48 12 22 100 55 34 20 52 11 13 68 71 79 10 51 73 83 55 81 50 13 60 35 31 5 62 89 21 14 80 13 7 59 9 83 34 41 57 23 63 30 69 91 23 81 24 54 88 34
69 57 60 67 0 82 81 18 81 57 51 84 100 15 46 86 7 9 43 34 15 59 8 8 42 91 28 85 92 2 55 9 92 27 66 2 49 88 92 50 8 82 15 56 24 42 0 49 84 40 15 74 51 13 20 64 93 97 73 40 81 74 71 97 6 66 40 37 12 21 30 85 77 26 94 85 57 50 54 76 32 70 11 89 33 87 56 53 96 26 96 42 24 31 78 64 76 33 18 71
28 68 16 7 19 38 88 43 53 19 32 40 21 50 15 77 58 75 24 23 14 80 64 17 49 78 24 12 43 19 74 44 99 61 11 1 84 4 75 69 24 26 92 9 75 50 90 66 81 98 78 45 51 9 89 32 35 41 88 86 54 26 20 82 40 90 88 86 9 82 28 90 72 89 39 45 96 25 16 72 90 42 84 69 81 46 35 58 87 59 22 19 83 20 70 8 57 27 48 88
79 53 76 94 46 38 13 36 30 26 21 16 82 49 59 80 47 79 55 35 44 73 84 62 14 2 58 77 13 62 92 73 32 53 21 62 4 16 78 30 0 80 81 19 38 100 34 94 22 35 52 73 12 6 45 77 88 0 1 17 88 13 56 40 15 72 39 89 51 9 45 82 14 16 77 75 5 35 100 3 23 84 70 68 66 57 71 96 2 6 79 25 72 2 66 3 49 85 51 78
